0	0	0	0	0.44787	0	0.55213	0
0.51322	0	0	0	0	0	0.48678	0
0	0	0	0	0.00145	0	0.99855	0
0	0	0	0.72755	0.27244	0	0.00002	0
0	0	0	1	0	0	0	0
0.00002	0	0	0	0.00004	0	0.99993	0
0.00035	0	0	0	0.00003	0	0.99962	0
0	0	0	0.99999	0.00001	0	0	0
0	0	0	0.00001	0.99999	0	0	0
0.01889	0	0	0	0	0	0.98111	0
0.02676	0	0	0	0	0	0.97324	0
0	0	0	0.00002	0.22345	0	0.77653	0
0	0	0	1	0	0	0	0
0.03258	0	0	0	0.00008	0	0.96734	0
0	0	0	0	0.00162	0	0.99838	0
0	0	0	0.00006	0.98854	0	0.0114	0
0	0	0	0	0.00017	0	0.99983	0
0	0	0	0.00112	0.68743	0	0.31145	0
0	0	0	0	0.28328	0	0.71672	0
0.99999	0	0	0	0	0	0.00001	0
1	0	0	0	0	0	0	0
0	0	0	0	0.87965	0	0.12035	0
0.99995	0	0	0	0	0	0.00005	0
0.05721	0	0	0	0.00003	0	0.94277	0
0	0	0	1	0	0	0	0
1	0	0	0	0	0	0	0
0	0	0	0.00319	0.12599	0	0.87082	0
0.99308	0	0	0	0	0	0.00692	0
0	0	0	0.98394	0.00087	0	0.01519	0
1	0	0	0	0	0	0	0
1	0	0	0	0	0	0	0
1	0	0	0	0	0	0	0
0	0	0	0	0.00001	0	0.99999	0
0	0	0	0	0.91754	0	0.08246	0
0	0	0	0.64382	0.00009	0	0.35609	0
0	0	0	1	0	0	0	0
0.44463	0	0	0	0.00001	0	0.55536	0
0	0	0	0.00018	0.99487	0	0.00494	0
0.53692	0	0	0	0	0	0.46308	0
0.50319	0	0	0	0.00001	0	0.4968	0
0	0	0	0	0.00859	0	0.99141	0
0	0	0.00097	0.57844	0.42059	0	0	0
0	0	0	0	0.98715	0	0.01285	0
0.02773	0	0	0	0	0	0.97227	0
0.0323	0	0	0	0	0	0.9677	0
0.97357	0	0	0	0	0	0.02643	0
0.99456	0	0	0	0	0	0.00544	0
0	0	0	0	0.00196	0	0.99804	0
0.00091	0	0	0	0.00001	0	0.99908	0
0.99744	0	0	0	0	0	0.00256	0
0	0	0	0	0.00014	0	0.99986	0
1	0	0	0	0	0	0	0
1	0	0	0	0	0	0	0
1	0	0	0	0	0	0	0
1	0	0	0	0	0	0	0
1	0	0	0	0	0	0	0
1	0	0	0	0	0	0	0
1	0	0	0	0	0	0	0
1	0	0	0	0	0	0	0
1	0	0	0	0	0	0	0
0.99995	0	0	0	0	0	0.00005	0
1	0	0	0	0	0	0	0
1	0	0	0	0	0	0	0
1	0	0	0	0	0	0	0
0.9979	0	0	0	0	0	0.0021	0
1	0	0	0	0	0	0	0
0.99955	0	0	0	0	0	0.00045	0
1	0	0	0	0	0	0	0
0.9999	0	0	0	0	0	0.0001	0
0.99998	0	0	0	0	0	0.00002	0
1	0	0	0	0	0	0	0
1	0	0	0	0	0	0	0
1	0	0	0	0	0	0	0
0.99994	0	0	0	0	0	0.00006	0
1	0	0	0	0	0	0	0
0.99938	0	0	0	0	0	0.00062	0
1	0	0	0	0	0	0	0
1	0	0	0	0	0	0	0
1	0	0	0	0	0	0	0
0.99997	0	0	0	0	0	0.00003	0
0.01068	0	0	0	0.00009	0	0.98923	0
0	0	0	0	0.01857	0	0.98143	0
0	0	0	0.02483	0.04797	0	0.9272	0
0.1343	0	0	0	0.00002	0	0.86568	0
0.99762	0	0	0	0	0	0.00238	0
0	0	0	0	0.02009	0	0.97991	0
0	0	0	0.99977	0.00008	0	0.00016	0
0.99958	0	0	0	0	0	0.00042	0
0.98708	0	0	0	0	0	0.01292	0
0.09701	0	0	0	0.00001	0	0.90298	0
0.00039	0	0	0	0.00001	0	0.9996	0
0.99464	0	0	0	0	0	0.00536	0
0.02997	0	0	0	0.00001	0	0.97002	0
0.01487	0	0	0	0.00001	0	0.98512	0
0.99991	0	0	0	0	0	0.00009	0
0.99997	0	0	0	0	0	0.00003	0
0	0	0	0	0.00001	0	0.99999	0
0.99999	0	0	0	0	0	0.00001	0
0	0	0	0	0.00746	0	0.99254	0
0.9991	0	0	0	0	0	0.0009	0
0.00125	0	0	0	0	0	0.99875	0
0.99842	0	0	0	0	0	0.00158	0
0.99751	0	0	0	0	0	0.00249	0
1	0	0	0	0	0	0	0
1	0	0	0	0	0	0	0
1	0	0	0	0	0	0	0
0.99996	0	0	0	0	0	0.00004	0
1	0	0	0	0	0	0	0
0.46842	0	0	0	0	0	0.53158	0
0.96055	0	0	0	0	0	0.03945	0
1	0	0	0	0	0	0	0
1	0	0	0	0	0	0	0
1	0	0	0	0	0	0	0
1	0	0	0	0	0	0	0
0.99998	0	0	0	0	0	0.00002	0
0.9896	0	0	0	0	0	0.0104	0
1	0	0	0	0	0	0	0
1	0	0	0	0	0	0	0
0	0.9992	0	0	0	0	0	0.0008
0	0.99138	0	0	0	0	0	0.00862
0	1	0	0	0	0	0	0
0	1	0	0	0	0	0	0
0.00005	0	0	0	0.00031	0	0.99964	0
0.98244	0	0	0	0	0	0.01756	0
0.9736	0	0	0	0	0	0.0264	0
0.98812	0	0	0	0	0	0.01188	0
0.99848	0	0	0	0	0	0.00152	0
0.99999	0	0	0	0	0	0.00001	0
1	0	0	0	0	0	0	0
0.00013	0	0	0	0	0	0.99987	0
0.10543	0	0	0	0.00008	0	0.89449	0
0	0	0	1	0	0	0	0
1	0	0	0	0	0	0	0
0	0	0	0	0.00036	0	0.99964	0
0.02293	0	0	0	0	0	0.97707	0
0.99997	0	0	0	0	0	0.00003	0
0.99963	0	0	0	0	0	0.00037	0
0.99719	0	0	0	0	0	0.00281	0
0.91872	0	0	0	0	0	0.08128	0
0	0	0	0	0.89571	0	0.10429	0
0	0	0	0	0.08031	0	0.91969	0
0.01664	0	0	0	0.00004	0	0.98332	0
0.23444	0	0	0	0	0	0.76556	0
0	0	0	0.00335	0.99665	0	0	0
0.02577	0	0	0	0	0	0.97423	0
0	0	0	0	0.02533	0	0.97467	0
0.99944	0	0	0	0	0	0.00056	0
0	0	0	0	0.02086	0	0.97914	0
0.01375	0	0	0	0	0	0.98625	0
0	0	0	0	0.00003	0	0.99997	0
0.00002	0	0	0	0.00002	0	0.99995	0
0.00132	0	0	0	0	0	0.99868	0
0.00209	0	0	0	0.00001	0	0.9979	0
0.00033	0	0	0	0	0	0.99967	0
0.99988	0	0	0	0	0	0.00012	0
0	0	0	0.99981	0.00007	0	0.00012	0
0.00008	0	0	0	0.00007	0	0.99985	0
0.07159	0	0	0	0	0	0.92841	0
0.00217	0	0	0	0	0	0.99782	0
0.86243	0	0	0	0	0	0.13757	0
0.06927	0	0	0	0	0	0.93073	0
0.99928	0	0	0	0	0	0.00072	0
0.99999	0	0	0	0	0	0.00001	0
1	0	0	0	0	0	0	0
0	0	0	0.99996	0	0.00003	0	0
0	0.00302	0	0	0	0.21494	0	0.78203
0	0	0	1	0	0	0	0
0	0	0	1	0	0	0	0
0	0.9384	0	0	0	0	0	0.0616
0	0	0	0	0.00001	0	0.99998	0
0	0.00908	0	0.00659	0	0.02564	0	0.9587
0	0	0	0.99978	0	0.00022	0	0
0	0	0	1	0	0	0	0
0	0.00448	0	0.01397	0	0.0747	0	0.90685
0	0.82007	0	0	0	0.00004	0	0.17988
0	0	0	0.99583	0	0.00267	0	0.0015
0	0.99931	0	0	0	0	0	0.00069
0	0.9494	0	0	0	0	0	0.0506
0	0	0	1	0	0	0	0
0	0.52304	0	0	0	0	0	0.47696
0	0.02871	0	0.00053	0	0.03691	0	0.93385
1	0	0	0	0	0	0	0
1	0	0	0	0	0	0	0
1	0	0	0	0	0	0	0
0.00921	0	0	0	0	0	0.99079	0
0	0	0	0	0.00919	0	0.99081	0
1	0	0	0	0	0	0	0
1	0	0	0	0	0	0	0
0	0.91976	0	0	0	0	0	0.08024
0	0	0	0	0	0	1	0
1	0	0	0	0	0	0	0
1	0	0	0	0	0	0	0
0.99959	0	0	0	0	0	0.00041	0
1	0	0	0	0	0	0	0
1	0	0	0	0	0	0	0
1	0	0	0	0	0	0	0
1	0	0	0	0	0	0	0
1	0	0	0	0	0	0	0
0.6452	0	0	0	0	0	0.3548	0
0.99987	0	0	0	0	0	0.00013	0
1	0	0	0	0	0	0	0
1	0	0	0	0	0	0	0
1	0	0	0	0	0	0	0
0.76626	0	0	0	0.00034	0	0.2334	0
1	0	0	0	0	0	0	0
1	0	0	0	0	0	0	0
1	0	0	0	0	0	0	0
0.99998	0	0	0	0	0	0.00002	0
1	0	0	0	0	0	0	0
1	0	0	0	0	0	0	0
1	0	0	0	0	0	0	0
1	0	0	0	0	0	0	0
0.99998	0	0	0	0	0	0.00002	0
0.98948	0	0	0	0	0	0.01051	0
1	0	0	0	0	0	0	0
1	0	0	0	0	0	0	0
1	0	0	0	0	0	0	0
1	0	0	0	0	0	0	0
1	0	0	0	0	0	0	0
1	0	0	0	0	0	0	0
0	0	0	1	0	0	0	0
1	0	0	0	0	0	0	0
0.99973	0	0	0	0	0	0.00027	0
0	0	0	0.99998	0.00002	0	0	0
0	0	0	0	0.00001	0	0.99999	0
0	0	0	0.99999	0.00001	0	0	0
0	0	0	1	0	0	0	0
0	0	0	0.9598	0.02623	0	0.01396	0
0	0	0	1	0	0	0	0
0	0	0	0.16813	0.83186	0	0	0
0	0	0	1	0	0	0	0
0	0	0	1	0	0	0	0
0	0	0	0.99985	0	0.00014	0	0.00002
0	0	0	1	0	0	0	0
0	0.99993	0	0	0	0	0	0.00007
0	1	0	0	0	0	0	0
0	0.99899	0	0	0	0	0	0.00101
0	0.24799	0	0	0	0.00049	0	0.75152
0	0.99999	0	0	0	0	0	0.00001
0	0.99996	0	0	0	0	0	0.00004
0	0.99865	0	0	0	0	0	0.00135
0	0	0	1	0	0	0	0
0	0.80998	0	0	0	0.00004	0	0.18998
0	0.98932	0	0	0	0	0	0.01068
0	0	0	1	0	0	0	0
0	0.93127	0	0	0	0	0	0.06873
0	0.98142	0	0	0	0	0	0.01858
0	0.99998	0	0	0	0	0	0.00002
0	0	0	1	0	0	0	0
0	0	0	1	0	0	0	0
0	0	0	0.98481	0.00151	0	0.01368	0
0	0	0	1	0	0	0	0
0	0	0	0.1169	0.01491	0	0.86819	0
0	0	0	0.00123	0.98534	0	0.01343	0
1	0	0	0	0	0	0	0
0	0	0	1	0	0	0	0
0	0	0	0.99999	0.00001	0	0	0
0	0	0	1	0	0	0	0
0	0	0	1	0	0	0	0
0.00003	0	0	0	0.00055	0	0.99942	0
0	0	0	0.99987	0.00013	0	0	0
0	0	0	1	0	0	0	0
0	0	0	1	0	0	0	0
0	0.99883	0	0	0	0	0	0.00117
0	0.99796	0	0	0	0	0	0.00204
0	0	0	0	0	0.46013	0	0.53987
0	0	0	1	0	0	0	0
0	0	0	0.99999	0	0.00001	0	0
0	0.00041	0	0	0	0.27189	0	0.7277
0	0.97805	0	0	0	0	0	0.02195
0	0	0	0.99916	0	0.00075	0	0.00009
0	0.99645	0	0	0	0	0	0.00355
0	1	0	0	0	0	0	0
