Pop	IndID	Cap	Brac_RowNr	SerBrac_RowNr	Brac_appress	Brac_Col	SerBrac_yes_no	Brac_Len	Brac_Wid	BracApCen_Len	BracApCen_Wid	pop_ind_cap	Cap_Len	Cap_Wid	Perc_SerBrac	Cap_Ratio	Brac_Ratio	ApCen_Ratio	relWid_BracApCen	relLen_BracApCen	taxon	pop_ind
CH	3	1	8	0	1	2	no	233.65	61.85	71.78	46.84	CH.3.1	13.75	11.875	0	0.863636363636364	0.264712176332121	0.652549456673168	0.757316087308003	0.30721164134389	jacea	CH.3
CH	11	1	6	0	2	2	no	171.98	105.22	83.6	53.94	CH.11.1	12.5	15.625	0	1.25	0.611815327363647	0.645215311004785	0.512640182474815	0.486103035236655	jacea	CH.11
CH	17	1	8	0	1	1	no	200.49	82.98	58.55	39.12	CH.17.1	11.66666667	10.20833333	0	0.874999999464286	0.413885979350591	0.668146883005978	0.471438900939985	0.292034515437179	jacea	CH.17
CH	17	2	9	0	1	1	no	184.88	84.9	51.89	31.78	CH.17.2	12.70833333	11.45833333	0	0.901639344236496	0.459216789268715	0.612449412218154	0.37432273262662	0.280668541756815	jacea	CH.17
DF	1	1	7	0	1	2	no	214.45	97.42	63.25	37.36	DF.1.1	14.89361702	13.19148936	0	0.885714285675918	0.454278386570296	0.590671936758893	0.383494149045371	0.294940545581721	jacea	DF.1
DF	10	1	8	0	1	2	no	230.71	81.01	60.01	34.48	DF.10.1	14.46808511	14.04255319	0	0.970588234948529	0.351133457587447	0.574570904849192	0.425626465868411	0.260110094924364	jacea	DF.10
DF	10	2	7	0	1	2	no	214.08	102.18	71.34	51.01	DF.10.2	14.68085106	12.76595745	0	0.869565217835539	0.477298206278027	0.715026633024951	0.499217067919358	0.333239910313901	jacea	DF.10
DF	25	1	7	0	1	1	no	248.87	125.16	62.17	38.64	DF.25.1	14.68085106	13.61702128	0	0.927536232357908	0.502913167517178	0.621521634228728	0.308724832214765	0.249809137300599	jacea	DF.25
DF	25	2	6	0	1	1	no	301.1	98.33	64.63	52.47	DF.25.2	15.53191489	12.12765957	0	0.780821917702383	0.326569246097642	0.811852081076899	0.533611308857927	0.214646296911325	jacea	DF.25
FC	3	1	7	0	1	2	no	291.03	94.05	64.03	36.67	FC.3.1	14.16666667	12.91666667	0	0.911764705903114	0.323162560560767	0.572700296735905	0.38989898989899	0.220011682644401	jacea	FC.3
FC	14	1	8	0	1	2	no	231.37	104.04	75.43	55.03	FC.14.1	13.75	13.125	0	0.954545454545455	0.449669360764144	0.729550576693623	0.528931180315263	0.326014608635519	jacea	FC.14
FC	22	1	6	0	1	2	no	212.02	93.43	72.25	57.22	FC.22.1	12.29166667	11.04166667	0	0.898305084773341	0.440665974908028	0.7919723183391	0.612437118698491	0.340769738703896	jacea	FC.22
FC	22	2	7	0	1	1	no	210.94	81.05	53.6	37.05	FC.22.2	11.875	10	0	0.842105263157895	0.38423248317057	0.691231343283582	0.45712523133868	0.254100692139945	jacea	FC.22
HV	1	1	7	0	1	2	no	187.36	111	85.33	91.08	HV.1.1	12.55319149	9.574468085	0	0.762711864359523	0.592442356959863	1.06738544474394	0.82054054054054	0.455433390264731	jacea	HV.1
HV	1	2	9	0	1	2	no	210.69	65.31	52.77	44.72	HV.1.2	12.9787234	10	0	0.770491803531309	0.309981489391998	0.847451203335228	0.684734343898331	0.250462765200057	jacea	HV.1
HV	4	1	7	0	2	2	no	232.22	87.21	58.14	50.02	HV.4.1	14.25531915	13.19148936	0	0.925373134139898	0.375549048316252	0.860337117303062	0.573558078202041	0.250366032210835	jacea	HV.4
HV	4	2	6	0	3	2	no	290.06	112.45	80.96	62.51	HV.4.2	17.23404255	14.68085106	0	0.85185185178738	0.387678411363166	0.772109683794466	0.555891507336594	0.279114665931187	jacea	HV.4
HV	8	1	6	0	2	2	no	240.13	105.39	64.76	83.29	HV.8.1	11.4893617	13.19148936	0	1.14814814821262	0.438887269395744	1.2861334156887	0.790302685264257	0.2696872527381	jacea	HV.8
HV	8	2	5	0	2	1	no	241.92	111.4	88.77	81.25	HV.8.2	11.27659574	14.25531915	0	1.26415094401531	0.460482804232804	0.915286695955841	0.72935368043088	0.366939484126984	jacea	HV.8
HV	11	1	5	0	1	1	no	199.85	126.92	75.69	78.77	HV.11.1	12.76595745	13.68085106	0	1.07166666609875	0.635076307230423	1.0406922975294	0.620627166719193	0.378734050537903	jacea	HV.11
HV	11	2	9	1	1	1	no	231.81	102.59	82.49	86.15	HV.11.2	14.46808511	11.91489362	11.1111111111111	0.823529411764706	0.442560717829257	1.04436901442599	0.839750463008091	0.355851775160692	jacea	HV.11
HV	20	1	8	0	2	3	no	243.02	87.21	78.41	61.01	HV.20.1	NA	NA	0	NA	0.358859353139659	0.778089529396761	0.69957573672744	0.322648341700272	jacea	HV.20
HV	20	2	7	0	1	3	no	252.2	81.06	61.4	54.01	HV.20.2	NA	NA	0	NA	0.321411578112609	0.879641693811075	0.666296570441648	0.243457573354481	jacea	HV.20
PR	3	1	6	0	2	2	no	203.85	102.08	77.32	62.8	PR.3.1	13.40425532	12.34042553	0	0.92063492043361	0.500760363012019	0.812209001551992	0.615203761755486	0.379298503801815	jacea	PR.3
PR	3	2	6	0	1	2	no	195.56	114.27	73.74	61.13	PR.3.2	11.70212766	12.80851064	0	1.09454545465111	0.584321947228472	0.828993761866016	0.534961057145358	0.377070975659644	jacea	PR.3
PR	4	1	7	0	1	2	no	228.71	132.02	80.16	84.01	PR.4.1	14.89361702	12.9787234	0	0.871428571217551	0.577237549735473	1.04802894211577	0.636342978336616	0.350487516942853	jacea	PR.4
PR	4	2	9	0	1	1	no	220.66	116.73	85.38	61.29	PR.4.2	16.38297872	12.12765957	0	0.740259740140833	0.529003897398713	0.717849613492621	0.525057825751735	0.386930118734705	jacea	PR.4
PR	12	1	7	0	1	2	no	205.83	139.36	82.1	71.61	PR.12.1	13.82978723	11.27659574	0	0.815384615284497	0.677063596171598	0.872228989037759	0.513849024110218	0.398872856240587	jacea	PR.12
PR	12	2	7	0	2	2	no	199.33	132.38	87.01	85.15	PR.12.2	13.19148936	14.04255319	0	1.06451612905671	0.664124818140772	0.97862314676474	0.643224051971597	0.436512316259469	jacea	PR.12
PR	18	1	6	0	2	2	no	251.24	127.1	102.2	87.09	PR.18.1	14.04255319	11.4893617	0	0.81818181811708	0.505890781722656	0.852152641878669	0.685208497246263	0.406782359496895	jacea	PR.18
PR	18	2	7	0	2	2	no	190.97	112.61	82.15	63.25	PR.18.2	12.34042553	9.787234043	0	0.793103448435137	0.589673770749332	0.769933049300061	0.561673030814315	0.43017227836833	jacea	PR.18
RM	1	1	7	0	1	2	no	225.14	141.17	91.66	81.39	RM.1.1	14.68085106	14.04255319	0	0.956521739278513	0.627032068934885	0.887955487671831	0.576538924700716	0.40712445589411	jacea	RM.1
RM	1	2	8	0	1	2	no	283.64	151.74	92.66	92.2	RM.1.2	16.17021277	15.31914894	0	0.947368421052632	0.53497391059089	0.995035614072955	0.607618294451035	0.326681709208856	jacea	RM.1
RM	15	1	8	0	2	1	no	226.28	111.45	85.84	70.26	RM.15.1	15.74468085	12.34042553	0	0.78378378371512	0.492531377054976	0.818499534016775	0.630417227456258	0.379353013964999	jacea	RM.15
RM	54	1	6	0	1	1	no	203.89	126.14	89.2	73.01	RM.54.1	13.82978723	11.4893617	0	0.830769230858225	0.618666928245623	0.818497757847534	0.578801331853496	0.437490803864829	jacea	RM.54
RM	54	2	9	0	1	2	no	211.85	110.55	87.57	72.06	RM.54.2	14.68085106	10.85106383	0	0.739130434989918	0.521831484540949	0.822884549503255	0.651831750339213	0.41335850837857	jacea	RM.54
SH	2	1	7	0	2	1	no	189.16	94.59	74.04	57.72	SH.2.1	11.45833333	8.541666667	0	0.745454545700496	0.500052865299218	0.779578606158833	0.610212496035522	0.391414675407063	jacea	SH.2
SH	2	2	7	0	1	2	no	198.09	125.4	83.1	74.03	SH.2.2	14.375	11.04166667	0	0.76811594226087	0.633045585339997	0.890854392298436	0.590350877192982	0.41950628502196	jacea	SH.2
SH	14	1	7	3	2	2	no	243.63	92.11	61.74	56.09	SH.14.1	14.375	10.20833333	42.8571428571429	0.710144927304348	0.378073307884907	0.908487204405572	0.608945825643253	0.253417066863687	jacea	SH.14
SH	14	2	8	4	1	2	no	260.28	104.35	72.53	63.06	SH.14.2	15.83333333	13.33333333	50	0.842105263124654	0.400914399877056	0.869433337929133	0.604312410158122	0.278661441524512	jacea	SH.14
SH	26	1	7	0	1	2	no	249.02	103.48	84.21	65.92	SH.26.1	14.79166667	11.25	0	0.760563380110296	0.415548951891414	0.782804892530578	0.637031310398145	0.338165609188017	jacea	SH.26
SH	26	2	7	0	1	1	no	219.01	97.62	68.47	57.21	SH.26.2	12.70833333	10	0	0.786885246108035	0.445733071549244	0.835548415364393	0.586047940995698	0.312634126295603	jacea	SH.26
WR	2	1	6	0	2	2	no	258.12	95.02	87.05	58.03	WR.2.1	14.375	12.70833333	0	0.884057970782609	0.368123353479002	0.666628374497415	0.610713533992844	0.337246242057958	jacea	WR.2
WR	2	2	6	0	2	2	no	204.62	95.9	77.49	63.25	WR.2.2	12.5	11.875	0	0.95	0.468673638940475	0.816234352819719	0.659541188738269	0.378701984165771	jacea	WR.2
JF	1	1	7	6	1	2	yes	238.3	127.39	95.52	68.26	JF.1.1	NA	NA	85.7142857142857	NA	0.534578262694083	0.714614740368509	0.535834837899364	0.40083927822073	nigra	JF.1
JF	1	2	7	6	1	2	yes	257.56	132.22	90.25	65.8	JF.1.2	NA	NA	85.7142857142857	NA	0.513356111197391	0.729085872576177	0.497655422780215	0.350403789408293	nigra	JF.1
JF	8	1	9	7	2	3	yes	285.24	143.13	90.01	44.05	JF.8.1	NA	NA	77.7777777777778	NA	0.501787968026925	0.489390067770248	0.307762174247188	0.315558827653905	nigra	JF.8
JF	8	2	8	7	2	3	yes	259.62	176.39	102.04	51.11	JF.8.2	NA	NA	87.5	NA	0.679416069640243	0.500882007056056	0.289755655082488	0.393035975656729	nigra	JF.8
JF	11	1	9	8	2	3	yes	237.47	168.02	85.01	61.03	JF.11.1	NA	NA	88.8888888888889	NA	0.707542005305933	0.717915539348312	0.363230567789549	0.357982060891902	nigra	JF.11
JF	11	2	9	8	2	3	yes	257.1	133	87.01	61.12	JF.11.2	NA	NA	88.8888888888889	NA	0.517308440295605	0.702447994483393	0.459548872180451	0.338428626993388	nigra	JF.11
JF	21	1	8	5	1	3	yes	263.27	144.59	84.15	54.45	JF.21.1	13.95833333	13.75	62.5	0.985074627100913	0.549208037376078	0.647058823529412	0.376582059616848	0.31963383598587	nigra	JF.21
JF	21	2	8	6	1	3	yes	242.46	120.1	76.01	66.07	JF.21.2	14.375	11.04166667	75	0.76811594226087	0.495339437432979	0.869227733193001	0.550124895920067	0.313495009486101	nigra	JF.21
MP	2	1	7	5	2	1	yes	247.46	132.82	82.57	53.76	MP.2.1	13.33333333	12.5	71.4285714285714	0.937500000234375	0.536733209407581	0.651083928787695	0.404758319530191	0.333670088095046	nigra	MP.2
MP	2	1	6	4	2	2	yes	241.11	140.12	82.97	55.03	MP.2.1	13.33333333	12.5	66.6666666666667	0.937500000234375	0.581145535232881	0.663251777750994	0.392734798743934	0.344116793164945	nigra	MP.2
MP	5	1	6	2	2	1	no	286.57	135.91	105.39	79.76	MP.5.1	14.375	18.33333333	33.3333333333333	1.2753623186087	0.474264577590118	0.756808046304204	0.586858950776249	0.367763548173221	nigra	MP.5
MP	5	2	7	4	3	1	yes	270.48	165.08	117.63	75.15	MP.5.2	15.625	17.29166667	57.1428571428571	1.10666666688	0.610322389825495	0.638867635807192	0.455233826023746	0.434893522626442	nigra	MP.5
MP	6	1	7	6	1	2	yes	236	87.21	78.1	37.05	MP.6.1	14.16666667	8.333333333	85.7142857142857	0.588235293955709	0.369533898305085	0.474391805377721	0.42483660130719	0.33093220338983	nigra	MP.6
MP	6	2	8	7	2	1	yes	287.54	138.19	80.89	53.24	MP.6.2	15.20833333	11.04166667	87.5	0.726027397638581	0.480594004312443	0.658177772283348	0.385266661842391	0.281317381929471	nigra	MP.6
MP	8	1	7	5	1	2	yes	250.74	119.27	87.69	62.51	MP.8.1	14.16666667	10.41666667	71.4285714285714	0.735294117709343	0.47567201084789	0.712852092598928	0.524104971912468	0.349724814548935	nigra	MP.8
MP	8	2	7	5	1	2	yes	197.72	123.1	79.01	48.09	MP.8.2	12.70833333	10.41666667	71.4285714285714	0.819672131624832	0.622597612785758	0.608657132008606	0.390658001624695	0.399605502731135	nigra	MP.8
MP	10	1	9	2	1	1	no	219.49	110.65	84.53	66.1	MP.10.1	15.20833333	13.54166667	22.2222222222222	0.890410959318446	0.504123194678573	0.781970897906069	0.597379123361952	0.385120051027382	nigra	MP.10
MP	10	2	8	3	1	1	no	243.99	99.2	79.12	75.58	MP.10.2	15.20833333	13.125	37.5	0.863013698819291	0.406574039919669	0.95525783619818	0.761895161290323	0.324275585064962	nigra	MP.10
MP	14	1	9	5	2	2	yes	267.85	141.23	97.51	56.08	MP.14.1	18.75	13.75	55.5555555555556	0.733333333333333	0.527272727272727	0.575120500461491	0.397082772781987	0.364047041254433	nigra	MP.14
MP	14	2	9	7	2	2	yes	240.21	143.03	86.09	57.04	MP.14.2	17.70833333	14.79166667	77.7777777777778	0.835294117992526	0.595437325673369	0.662562434661401	0.398797455079354	0.358394737937638	nigra	MP.14
PR	20	1	8	0	2	2	no	215.46	105.62	79.81	69.17	PR.20.1	15.53191489	11.91489362	0	0.767123288041659	0.490206998978929	0.866683373010901	0.654894906267752	0.370416782697484	jacea	PR.20
PR	20	2	6	0	2	2	no	224.32	106.62	75.27	72.45	PR.20.2	12.76595745	11.06382979	0	0.866666666666667	0.475303138373752	0.962534874451973	0.679516038266742	0.335547432239658	jacea	PR.20
TH	10B	1	7	6	1	2	yes	254.87	143.13	106.3	62.07	TH.10B.1	14.28571429	13.06122449	85.7142857142857	0.914285714025714	0.56158041354416	0.583913452492944	0.43366170614127	0.417075371758151	nigra	TH.10B
TH	10B	2	6	6	2	2	yes	243.88	119.57	85.7	36.36	TH.10B.2	11.83673469	11.02040816	100	0.931034482787753	0.490282105953748	0.424270711785298	0.304089654595634	0.351402329014269	nigra	TH.10B
TH	11B	1	7	5	2	1	yes	220.74	101.08	76.55	34.54	TH.11B.1	12.65306122	11.02040816	71.4285714285714	0.870967741986473	0.457914288302981	0.451208360548661	0.341709537000396	0.346788076470055	nigra	TH.11B
TH	11B	2	5	5	2	1	yes	231.92	98.18	76.48	41.59	TH.11B.2	11.02040816	8.775510204	100	0.796296296524828	0.423335632976889	0.54380230125523	0.423609696475861	0.329768885822698	nigra	TH.11B
TH	14B	1	6	5	1	1	yes	231.21	118.53	69.29	33.62	TH.14B.1	12.04081633	10.40816327	83.3333333333333	0.864406779801781	0.512650836901518	0.485207100591716	0.283641272251751	0.299684269711518	nigra	TH.14B
TH	14B	2	6	5	2	1	yes	242.42	112.16	70.43	44.2	TH.14B.2	13.06122449	11.83673469	83.3333333333333	0.906249999688965	0.462668096691692	0.627573477211416	0.394079885877318	0.2905288342546	nigra	TH.14B
TH	15B	1	8	6	2	1	yes	232.64	124.58	74.25	52.35	TH.15B.1	12.44897959	10.6122449	75	0.85245901668315	0.535505502063274	0.705050505050505	0.420211912024402	0.31916265474553	nigra	TH.15B
TH	15B	2	8	6	2	1	yes	243.58	110.34	89.1	53.76	TH.15B.2	12.65306122	10.81632653	75	0.854838709932362	0.452992856556368	0.603367003367003	0.487221315932572	0.365793579111585	nigra	TH.15B
TH	16B	1	9	8	2	2	yes	222.99	97.42	73.76	47.43	TH.16B.1	11.63265306	11.42857143	88.8888888888889	0.982456140577101	0.436880577604377	0.643031453362256	0.486861014165469	0.330777164895287	nigra	TH.16B
TH	17B	1	9	6	2	2	yes	221.05	90.09	81.79	48.84	TH.17B.1	14.48979592	13.06122449	66.6666666666667	0.901408450616743	0.407554851843474	0.597139014549456	0.542124542124542	0.370006785795069	nigra	TH.17B
TH	17B	2	8	6	2	2	yes	228.06	126.04	79.31	54.01	TH.17B.2	12.85714286	12.85714286	75	1	0.55266158028589	0.680998613037448	0.42851475721993	0.347759361571516	nigra	TH.17B
TH	20B	1	7	6	3	1	yes	221.08	85.02	68.07	36.01	TH.20B.1	11.63265306	10.40816327	85.7142857142857	0.894736842602955	0.384566672697666	0.529014250036727	0.423547400611621	0.307897593631265	nigra	TH.20B
TH	6B	1	6	6	2	2	yes	315.91	119.04	87.13	57.56	TH.6B.1	13.26530612	8.979591837	100	0.676923077068047	0.376816181823937	0.66062205899231	0.483534946236559	0.275806400557121	nigra	TH.6B
TH	6B	2	7	7	1	2	yes	226.22	120.5	80.16	47.17	TH.6B.2	10.81632653	7.959183673	100	0.735849056602029	0.532667315003094	0.588448103792415	0.391452282157676	0.354345327557245	nigra	TH.6B
TH	8B	1	7	6	2	2	yes	267.08	153.68	104.85	93.3	TH.8B.1	13.46938776	12.85714286	85.7142857142857	0.954545454410468	0.575408117418002	0.889842632331903	0.607105674128058	0.392579002546054	nigra	TH.8B
TH	8B	2	7	6	2	2	yes	246.89	129.1	94.34	76.11	TH.8B.2	12.44897959	11.02040816	85.7142857142857	0.885245901507659	0.522904937421524	0.806762772948908	0.589542989930287	0.382113491838471	nigra	TH.8B
WV	7	1	9	7	2	2	yes	224.62	106.23	76.84	53.14	WV.7.1	12.91666667	11.25	77.7777777777778	0.870967741710718	0.472932063039801	0.691566892243623	0.500235338416643	0.342088861187784	nigra	WV.7
WV	7	2	8	6	2	2	yes	217.22	115.85	78.77	48.66	WV.7.2	12.29166667	11.25	75	0.915254237039931	0.533330264248228	0.617747873555922	0.420025895554596	0.362627750667526	nigra	WV.7
WV	9	1	9	7	1	1	yes	243.4	112.02	79.06	49.09	WV.9.1	13.125	9.791666667	77.7777777777778	0.746031746057143	0.460230073952342	0.62092081963066	0.438225316907695	0.32481511914544	nigra	WV.9
WV	9	2	8	6	1	1	yes	236.56	112.18	66.91	48.26	WV.9.2	12.08333333	9.375	75	0.775862069179548	0.47421373013189	0.721267374084591	0.430201461936174	0.282845789651674	nigra	WV.9
WV	10	1	9	7	2	1	yes	119.45	99.61	77.32	32.06	WV.10.1	13.125	11.04166667	77.7777777777778	0.841269841523809	0.833905399748849	0.414640455250905	0.321855235418131	0.647300125575555	nigra	WV.10
WV	10	2	9	7	1	1	yes	190.91	106.21	62.37	28.44	WV.10.2	11.25	8.541666667	77.7777777777778	0.759259259288889	0.556335446021686	0.455988455988456	0.267771396290368	0.326698444293122	nigra	WV.10
WV	11	1	10	8	1	1	yes	286.93	105.32	92.96	48.84	WV.11.1	17.5	11.66666667	80	0.666666666857143	0.367058167497299	0.525387263339071	0.463729586023547	0.323981458892413	nigra	WV.11
WV	11	2	9	8	2	1	yes	201.68	89.55	59.62	30.46	WV.11.2	6.041666667	5.416666667	88.8888888888889	0.896551724143638	0.444020230067434	0.51090238175109	0.340145170295924	0.295616818722729	nigra	WV.11
WV	20	1	9	8	1	1	yes	269.43	135.68	96.21	75.27	WV.20.1	13.75	13.75	88.8888888888889	1	0.503581635304161	0.782351106953539	0.554761202830189	0.357087184055228	nigra	WV.20
WV	20	2	8	7	1	1	yes	243.01	139.09	80.16	54.04	WV.20.2	13.54166667	11.45833333	87.5	0.846153845699408	0.57236327723139	0.674151696606786	0.388525415198792	0.329862968602115	nigra	WV.20
CB	3	1	12	10	3	1	yes	241.67	95.08	65.51	38.33	CB.3.1	15.20833333	12.91666667	83.3333333333333	0.84931506889848	0.39342905615095	0.585101511219661	0.403134202776609	0.271072123143129	hybrid1	CB.3
CB	3	2	10	9	3	1	yes	255.69	96.18	60.3	33.24	CB.3.2	14.16666667	13.125	90	0.926470588017301	0.37615862959052	0.551243781094527	0.345601996257018	0.235832453361492	hybrid1	CB.3
CB	5	1	9	6	3	1	yes	216.01	68.26	56.32	25.18	CB.5.1	12.91666667	10.83333333	66.6666666666667	0.838709676944849	0.316003888708856	0.447088068181818	0.36888368004688	0.260728669968983	hybrid1	CB.5
CB	5	2	9	8	2	1	yes	200.9	60.67	46.04	26.17	CB.5.2	13.33333333	9.791666667	88.8888888888889	0.734375000208594	0.301991040318566	0.568418766290183	0.431349925828251	0.229168740666998	hybrid1	CB.5
CB	6	1	8	6	1	1	yes	197.46	73.06	45.54	55.33	CB.6.1	12.5	10	75	0.8	0.369998987136635	1.21497584541063	0.757322748425951	0.230628988149499	hybrid1	CB.6
CB	6	2	9	8	1	1	yes	197.21	83.02	37.05	53.34	CB.6.2	13.33333333	10.625	88.8888888888889	0.796875000199219	0.420972567314031	1.43967611336032	0.642495784148398	0.187870797626895	hybrid1	CB.6
CB	7	1	11	9	2	1	yes	171.03	58.31	45.89	19.65	CB.7.1	12.91666667	9.166666667	81.8181818181818	0.709677419197503	0.340934339004853	0.428197864458488	0.336991939632996	0.268315500204642	hybrid1	CB.7
CB	7	2	9	8	3	1	yes	219.53	86.83	50.22	37.64	CB.7.2	14.58333333	9.791666667	88.8888888888889	0.671428571604898	0.395526807270077	0.749502190362405	0.433490729010711	0.228761444905024	hybrid1	CB.7
CB	8	1	11	10	1	1	yes	233.11	68.07	66.01	24.08	CB.8.1	14.16666667	9.791666667	90.9090909090909	0.691176470449135	0.292008064862082	0.364793213149523	0.353753489055384	0.283171035133628	hybrid1	CB.8
CB	8	2	11	9	3	1	yes	244.39	70.03	93.43	37.34	CB.8.2	13.125	12.5	81.8181818181818	0.952380952380952	0.286550186177831	0.39965749759178	0.533200057118378	0.382298784729326	hybrid1	CB.8
CB	9	1	9	8	2	1	yes	215.64	70.83	43.42	74.15	CB.9.1	12.91666667	10.20833333	88.8888888888889	0.790322580183143	0.328464106844741	1.70773836941502	1.04687279401384	0.201354108699685	hybrid1	CB.9
CB	9	2	9	8	2	1	yes	178.1	72.34	47.17	35.01	CB.9.2	12.5	11.25	88.8888888888889	0.9	0.406176305446378	0.742209031163875	0.483964611556539	0.264851207186974	hybrid1	CB.9
CB	10	1	8	7	2	1	yes	203.67	54.23	47.38	19.03	CB.10.1	13.54166667	9.375	87.5	0.692307692137278	0.266264054598124	0.401646264246518	0.350912778904665	0.232631217165022	hybrid1	CB.10
CB	11	1	9	8	2	1	yes	194.01	65.12	44.18	35.13	CB.11.1	13.125	10.20833333	88.8888888888889	0.777777777523809	0.33565280140199	0.795156179266637	0.539465601965602	0.227720220607185	hybrid1	CB.11
CB	11	2	8	7	2	1	yes	188.22	64.03	45.61	30.81	CB.11.2	12.5	10.20833333	87.5	0.8166666664	0.340187015194985	0.675509756632317	0.481180696548493	0.242322813728615	hybrid1	CB.11
CB	12	1	7	6	2	1	yes	165.59	65.07	46.1	31	CB.12.1	10.625	10.20833333	85.7142857142857	0.960784313411765	0.392958511987439	0.672451193058568	0.476410019978485	0.278398454012924	hybrid1	CB.12
CB	12	2	7	6	2	1	yes	161.2	73.11	47.04	31.06	CB.12.2	12.70833333	12.5	85.7142857142857	0.983606557635044	0.453535980148883	0.660289115646258	0.424839283271782	0.29181141439206	hybrid1	CB.12
CB	13	1	9	8	2	1	yes	217.08	90.24	65.8	41.63	CB.13.1	13.33333333	11.25	88.8888888888889	0.843750000210937	0.415699281370923	0.632674772036474	0.461325354609929	0.303114059332965	hybrid1	CB.13
CB	13	2	9	8	2	1	yes	219.15	85.38	68.35	35.44	CB.13.2	14.375	10.83333333	88.8888888888889	0.753623188173913	0.389596167008898	0.518507681053402	0.415085500117123	0.311886835500798	hybrid1	CB.13
CB	14	1	8	7	3	1	yes	221.9	61.29	75.17	27.07	CB.14.1	11.45833333	10.20833333	87.5	0.890909090877355	0.276205497972059	0.360117067979247	0.441670745635503	0.338756196484903	hybrid1	CB.14
CB	14	2	8	7	2	1	yes	218.22	78.75	66.1	24.35	CB.14.2	11.875	10.625	87.5	0.894736842105263	0.360874346989277	0.368381240544629	0.309206349206349	0.302905324901476	hybrid1	CB.14
CB	15	1	9	8	1	1	yes	204.4	78.16	53.04	23.02	CB.15.1	13.33333333	11.25	88.8888888888889	0.843750000210937	0.38238747553816	0.434012066365008	0.294524053224156	0.259491193737769	hybrid1	CB.15
CB	15	2	9	8	1	1	yes	193.19	58.42	43.93	28.28	CB.15.2	12.91666667	11.04166667	88.8888888888889	0.85483870971488	0.302396604379109	0.64375142271796	0.484080794248545	0.22739272219059	hybrid1	CB.15
CB	16	1	9	7	3	1	yes	233.21	69.26	99.5	39.2	CB.16.1	13.95833333	13.95833333	77.7777777777778	1	0.296985549504738	0.393969849246231	0.565983251516027	0.426654088589683	hybrid1	CB.16
CB	16	2	8	6	3	1	yes	246.81	85.01	96.02	33.06	CB.16.2	14.375	14.58333333	75	1.0144927533913	0.344434990478506	0.344303270152052	0.388895424067757	0.389044204043596	hybrid1	CB.16
CB	17	1	8	7	3	1	yes	306.11	77.13	113.78	23.77	CB.17.1	15.20833333	11.875	87.5	0.780821917979358	0.251968246708699	0.208911935313763	0.308180993128484	0.371696448988926	hybrid1	CB.17
CB	17	2	9	8	3	1	yes	255.23	77.93	105.72	25.63	CB.17.2	15.625	11.66666667	88.8888888888889	0.74666666688	0.305332445245465	0.242432841468029	0.328884896702169	0.414214629941621	hybrid1	CB.17
CB	18	1	10	5	1	2	no	250	91.08	69.01	61.07	CB.18.1	14.375	11.04166667	50	0.76811594226087	0.36432	0.884944210983915	0.670509442248573	0.27604	hybrid1	CB.18
CB	18	2	9	5	1	2	yes	251.73	84.15	74.04	44.27	CB.18.2	16.45833333	12.5	55.5555555555556	0.759493671039898	0.334286735788345	0.597920043219881	0.526084373143197	0.294124657370993	hybrid1	CB.18
CB	19	1	9	6	1	1	yes	186.08	67.62	41.44	39.56	CB.19.1	13.75	10.41666667	66.6666666666667	0.757575757818182	0.363392089423904	0.954633204633205	0.585034013605442	0.222699914015477	hybrid1	CB.19
CB	19	2	9	6	1	1	yes	179.85	76.16	41.44	36.67	CB.19.2	15.625	10.41666667	66.6666666666667	0.66666666688	0.423463997775924	0.884893822393823	0.481486344537815	0.230414234083959	hybrid1	CB.19
CB	20	1	11	10	2	1	yes	186.45	77.06	56.14	30.07	CB.20.1	13.75	11.875	90.9090909090909	0.863636363636364	0.413301153124162	0.535625222657642	0.390215416558526	0.301099490480021	hybrid1	CB.20
CB	20	2	10	10	2	1	yes	197.25	66.65	43.86	28.65	CB.20.2	13.54166667	11.875	100	0.876923076707219	0.337896070975919	0.653214774281806	0.429857464366091	0.222357414448669	hybrid1	CB.20
CO	1	1	10	8	2	1	yes	206.17	61.19	46.87	41.98	CO.1.1	11.91489362	9.14893617	80	0.767857142647321	0.29679390794005	0.895668871346277	0.686059813695048	0.227336663918126	hybrid1	CO.1
CO	1	2	11	5	3	1	no	230.11	78.75	42.19	41.76	CO.1.2	11.91489362	9.361702128	45.4545454545455	0.785714285546428	0.342227630263787	0.989808011377104	0.530285714285714	0.183347094867672	hybrid1	CO.1
CO	2	1	9	7	2	1	yes	190.54	89.14	61.13	35.23	CO.2.1	15.31914894	11.70212766	77.7777777777778	0.763888888725694	0.467828277527028	0.576312776051039	0.395221000673098	0.320825023617088	hybrid1	CO.2
CO	2	2	8	5	1	1	no	251.75	87.64	59.14	46.24	CO.2.2	15.10638298	11.27659574	62.5	0.746478872866495	0.348123138033764	0.781873520459926	0.527612962117754	0.234915590863952	hybrid1	CO.2
CO	3	1	11	9	2	1	yes	211.05	59.54	37.05	26	CO.3.1	12.9787234	10.21276596	81.8181818181818	0.786885246356356	0.282113243307273	0.701754385964912	0.436681222707424	0.175550817341862	hybrid1	CO.3
CO	3	2	10	8	2	1	yes	203.92	46.65	37.7	20.12	CO.3.2	12.9787234	10.63829787	80	0.819672131235958	0.228766182816791	0.53368700265252	0.431296891747053	0.184876422126324	hybrid1	CO.3
CO	4	1	9	7	2	1	yes	275.5	105.38	63.51	42.58	CO.4.1	17.0212766	12.9787234	77.7777777777778	0.762499999559375	0.382504537205082	0.670445599118249	0.404061491744164	0.230526315789474	hybrid1	CO.4
CO	4	2	7	6	1	2	yes	208.75	86.68	52.95	42.76	CO.4.2	14.46808511	9.14893617	85.7142857142857	0.632352941003676	0.415233532934132	0.807554296506138	0.493308721735118	0.253652694610778	hybrid1	CO.4
CO	5	1	8	6	1	1	yes	208.78	59.54	43.38	30.02	CO.5.1	9.14893617	13.40425532	75	1.46511627919686	0.285180572851806	0.692023974181651	0.504198857910648	0.207778522847016	hybrid1	CO.5
CO	5	2	8	6	1	1	yes	178.47	57.57	41.48	24.7	CO.5.2	11.06382979	9.574468085	75	0.865384615158654	0.322575222726509	0.595467695274831	0.429042904290429	0.232420014568275	hybrid1	CO.5
CO	6	1	8	6	1	2	yes	198.73	63.13	40.05	33	CO.6.1	13.19148936	9.574468085	75	0.725806451698491	0.317667186635133	0.823970037453184	0.522730872802154	0.20152971368188	hybrid1	CO.6
CO	6	2	9	8	1	1	yes	220.48	68.01	44.28	35.9	CO.6.2	13.19148936	9.361702128	88.8888888888889	0.709677419472216	0.308463352685051	0.810749774164408	0.527863549478018	0.200834542815675	hybrid1	CO.6
CO	7	1	10	8	2	1	yes	277.13	90.09	54.04	43.57	CO.7.1	15.53191489	9.574468085	80	0.616438356301088	0.325082091437232	0.806254626202813	0.483627483627484	0.194998737054812	hybrid1	CO.7
CO	7	2	10	8	1	2	yes	238.02	77.01	54.15	35.13	CO.7.2	14.25531915	10	80	0.701492537261083	0.323544239979834	0.648753462603878	0.456174522789248	0.227501890597429	hybrid1	CO.7
CO	8	1	9	7	1	2	yes	154.83	59.3	38.12	30.07	CO.8.1	11.70212766	8.29787234	77.7777777777778	0.70909090902876	0.38300071045663	0.788824763903463	0.5070826306914	0.246205515726926	hybrid1	CO.8
CO	8	2	9	7	1	2	yes	178.6	65.3	40.5	34.48	CO.8.2	10.85106383	7.659574468	77.7777777777778	0.705882352919493	0.36562150055991	0.851358024691358	0.52802450229709	0.226763717805151	hybrid1	CO.8
CO	9	1	8	7	2	1	yes	231.26	61.03	53.04	28.02	CO.9.1	15.31914894	12.9787234	87.5	0.847222221732639	0.263902101530745	0.528280542986425	0.459118466328035	0.229352244227277	hybrid1	CO.9
CO	9	2	10	8	2	1	yes	228.67	65.86	44.6	27.73	CO.9.2	13.19148936	12.34042553	80	0.935483870943288	0.288013294266847	0.621748878923767	0.421044640145764	0.195040888616784	hybrid1	CO.9
CO	11	1	10	9	3	1	yes	194.18	69.26	49.09	35.01	CO.11.1	12.12765957	10.85106383	90	0.894736842452447	0.356679369657019	0.713179873701365	0.505486572336125	0.252806674219796	hybrid1	CO.11
CO	11	2	10	8	2	1	yes	204.08	68.41	54.34	39.92	CO.11.2	11.91489362	11.06382979	80	0.928571428571428	0.335211681693454	0.734633787265366	0.583540418067534	0.266268130145041	hybrid1	CO.11
FL	1	1	9	0	1	2	no	286.01	98.68	83.82	59.14	FL.1.1	16.25	11.875	0	0.730769230769231	0.345022901297157	0.705559532331186	0.599310903931901	0.29306667599035	hybrid1	FL.1
FL	1	2	7	0	1	2	no	252.96	115.85	89.45	62.51	FL.1.2	15.625	11.45833333	0	0.73333333312	0.457977545857052	0.698826159865847	0.539577039274925	0.353613219481341	hybrid1	FL.1
FL	2	1	7	1	2	1	no	216.37	106.23	72.18	76.06	FL.2.1	12.91666667	11.25	14.2857142857143	0.870967741710718	0.490964551462772	1.05375450263231	0.715993598795067	0.333595230392383	hybrid1	FL.2
FL	2	2	7	1	3	1	no	218.05	96.46	68.88	56.32	FL.2.2	13.95833333	12.08333333	14.2857142857143	0.865671641758966	0.442375601926164	0.817653890824623	0.583868961227452	0.315890850722311	hybrid1	FL.2
FL	3	1	8	0	3	2	no	294.16	122.48	94.37	87.36	FL.3.1	16.25	15.83333333	0	0.974358974153846	0.416372042425891	0.925717918830137	0.713259307642064	0.320811803100354	hybrid1	FL.3
FL	3	2	8	1	2	2	no	249.87	100.18	96.25	80.41	FL.3.2	16.66666667	14.79166667	12.5	0.8875000000225	0.400928482811062	0.835428571428571	0.802655220602915	0.385200304158162	hybrid1	FL.3
FL	4	1	7	0	2	2	no	283.38	127.09	190.82	67.72	FL.4.1	13.95833333	14.58333333	0	1.04477611941368	0.448479074034865	0.354889424588618	0.532850735699111	0.673371444703225	hybrid1	FL.4
FL	4	2	7	0	2	2	no	240.6	98.31	69.26	97.02	FL.4.2	14.16666667	12.08333333	0	0.852941176034602	0.40860349127182	1.40080854750217	0.986878242294782	0.287863674147963	hybrid1	FL.4
FL	5	1	8	0	2	3	no	228.78	97.72	88.32	64.08	FL.5.1	14.58333333	14.58333333	0	1	0.427135239094326	0.72554347826087	0.655751125665166	0.386047731445056	hybrid1	FL.5
FL	5	2	6	0	2	2	no	162.29	86.83	68.25	54.92	FL.5.2	13.33333333	11.66666667	0	0.87500000046875	0.53502988477417	0.804688644688645	0.632500287918922	0.420543471563251	hybrid1	FL.5
FL	6	1	8	3	1	2	no	243.77	122.71	83.43	75	FL.6.1	15.625	12.5	37.5	0.8	0.503384337695369	0.898957209636821	0.61119713144813	0.342248841120729	hybrid1	FL.6
FL	6	2	8	3	1	2	no	266.33	97.02	97.13	69.26	FL.6.2	15.83333333	12.5	37.5	0.789473684376731	0.364284909698494	0.713064964480593	0.713873428159143	0.364697931138062	hybrid1	FL.6
FL	7	1	6	0	1	3	no	215.67	138.23	100.24	82.02	FL.7.1	14.16666667	13.95833333	0	0.985294117179931	0.640932906755692	0.818236233040702	0.593358894595963	0.464784160986693	hybrid1	FL.7
FL	7	2	7	0	1	3	no	205.64	76.61	72.45	61.35	FL.7.2	13.75	13.33333333	0	0.969696969454546	0.372544252091033	0.846790890269151	0.800809293825871	0.35231472476172	hybrid1	FL.7
FL	8	2	7	3	3	1	no	225.27	81.06	83.05	54.08	FL.8.2	14.16666667	13.33333333	42.8571428571429	0.941176470131488	0.359834864828872	0.651173991571343	0.667160128300025	0.368668708660718	hybrid1	FL.8
FL	9	1	8	0	2	2	no	226.08	89.2	72.01	63.07	FL.9.1	13.75	10.41666667	0	0.757575757818182	0.394550601556971	0.875850576308846	0.707062780269058	0.318515569709837	hybrid1	FL.9
FL	9	2	8	0	2	2	no	253.95	100.22	91.18	75.15	FL.9.2	15.20833333	12.08333333	0	0.794520547900169	0.394644615081709	0.824193902171529	0.749850329275594	0.359047056507186	hybrid1	FL.9
FL	10	1	8	0	3	1	no	180.6	88.05	71.85	66.12	FL.10.1	12.70833333	11.66666667	0	0.918032787388336	0.487541528239203	0.920250521920668	0.750936967632027	0.397840531561462	hybrid1	FL.10
FL	10	2	7	0	3	2	no	218.92	100.12	71.03	84.1	FL.10.2	13.33333333	10.83333333	0	0.812499999953125	0.457336013155491	1.18400675770801	0.839992009588494	0.32445642243742	hybrid1	FL.10
FP	1	1	7	0	3	2	no	252.22	88.53	85.7	61.19	FP.1.1	15.31914894	13.40425532	0	0.874999999836806	0.35100309253826	0.714002333722287	0.691178131706766	0.339782729363254	hybrid1	FP.1
FP	1	2	8	4	2	2	no	266.02	104.24	84.38	67.6	FP.1.2	13.40425532	12.34042553	50	0.92063492043361	0.391850236824299	0.801137710357905	0.648503453568688	0.317194195925118	hybrid1	FP.1
FP	2	1	7	0	3	1	no	204.98	97.02	71.03	61.4	FP.2.1	12.12765957	12.55319149	0	1.03508771973223	0.473314469704361	0.864423483035337	0.632859204287776	0.346521611864572	hybrid1	FP.2
FP	2	2	8	0	2	1	no	200.09	74.03	64.03	47.01	FP.2.2	11.4893617	10.85106383	0	0.94444444463786	0.36998350742166	0.73418709979697	0.635012832635418	0.320005997301214	hybrid1	FP.2
FP	3	1	8	4	2	1	no	336.25	71.11	96.05	29.07	FP.3.1	16.80851064	15.31914894	50	0.911392405198846	0.211479553903346	0.302654867256637	0.408803262550977	0.285650557620818	hybrid1	FP.3
FP	3	2	9	5	2	1	yes	191.13	51.2	72.37	20.88	FP.3.2	14.25531915	12.12765957	55.5555555555556	0.850746268279795	0.267880500183121	0.288517341439823	0.4078125	0.378642808559619	hybrid1	FP.3
FP	4	1	8	0	2	2	no	263.4	96.57	75.93	64.54	FP.4.1	15.74468085	12.12765957	0	0.770270270038532	0.366628701594533	0.849993414987488	0.668323495909703	0.288268792710706	hybrid1	FP.4
FP	4	2	9	0	2	1	no	242.24	97.41	68.62	70.84	FP.4.2	14.89361702	10.85106383	0	0.728571428648163	0.402121862615588	1.03235208394054	0.727235396776512	0.283272787318362	hybrid1	FP.4
FP	5	1	9	6	2	1	yes	228.23	69.87	77.67	29.43	FP.5.1	16.17021277	11.06382979	66.6666666666667	0.684210526315789	0.306138544450773	0.37891077636153	0.421210820094461	0.340314594926171	hybrid1	FP.5
FP	5	2	7	4	2	1	no	262.29	62.07	80	35	FP.5.2	16.17021277	10.85106383	57.1428571428571	0.671052631424342	0.236646460025163	0.4375	0.563879490897374	0.305005909489496	hybrid1	FP.5
FP	6	1	6	0	3	2	no	223.44	87	68.12	70.03	FP.6.1	13.19148936	12.55319149	0	0.951612903396982	0.389366272824919	1.02803875513799	0.804942528735632	0.304869316147512	hybrid1	FP.6
FP	6	2	7	0	2	2	no	242.68	99.5	83.36	58.25	FP.6.2	11.70212766	14.25531915	0	1.21818181822843	0.410004944783254	0.698776391554703	0.585427135678392	0.343497610021427	hybrid1	FP.6
FP	7	1	9	0	1	1	no	215.42	90.93	80.52	50.01	FP.7.1	15.53191489	13.82978723	0	0.890410958851192	0.422105654071117	0.621087928464978	0.549983503794127	0.373781450190326	hybrid1	FP.7
FP	7	2	8	2	2	1	no	240.83	119.1	82.57	86.98	FP.7.2	14.46808511	11.70212766	25	0.808823529238971	0.494539716812689	1.05340922853337	0.730310663308145	0.342855956483827	hybrid1	FP.7
FP	8	1	7	2	3	1	no	159.62	44.01	46.17	32.06	FP.8.1	13.19148936	7.446808511	28.5714285714286	0.564516129132518	0.275717328655557	0.694390296729478	0.728470802090434	0.289249467485278	hybrid1	FP.8
FP	8	2	10	2	2	1	no	183.45	69.26	62.07	47.1	FP.8.2	13.82978723	9.361702128	20	0.676923077145562	0.377541564458981	0.758820686321895	0.680046202714409	0.338348323793949	hybrid1	FP.8
FP	9	1	7	6	1	1	yes	223.22	90.27	51.09	41.01	FP.9.1	15.10638298	12.12765957	85.7142857142857	0.802816901044832	0.404399247379267	0.802701115678215	0.454303755400465	0.228877340740077	hybrid1	FP.9
FP	9	2	9	8	2	1	yes	234.93	92.01	51.04	54.04	FP.9.2	14.68085106	13.61702128	88.8888888888889	0.927536232357908	0.391648576171626	1.05877742946708	0.587327464406043	0.217256203975652	hybrid1	FP.9
FP	10	1	7	5	1	2	yes	194.02	104.17	69.01	54.08	FP.10.1	12.76595745	9.361702128	71.4285714285714	0.733333333176667	0.536903412019379	0.783654542819881	0.519151387155611	0.355684980929801	hybrid1	FP.10
FP	10	2	7	4	1	2	yes	229.68	98.86	69.46	61.98	FP.10.2	12.76595745	8.936170213	57.1428571428571	0.699999999843333	0.430424939045629	0.892312122084653	0.62694719805786	0.302420759317311	hybrid1	FP.10
WR	2	1	6	6	2	2	yes	245.7	89.33	74.11	60.13	WR.2.1	14.375	12.70833333	100	0.884057970782609	0.363573463573464	0.811361489677506	0.673122131422814	0.301628001628002	jacea	WR.2
WR	11	1	9	9	1	2	yes	220.08	63.18	53.35	30.67	WR.11.1	13.125	11.04166667	100	0.841269841523809	0.287077426390403	0.574882849109653	0.485438429882874	0.242411850236278	hybrid2	WR.11
WR	17	2	7	7	2	2	yes	204	73.38	54.68	41.33	WR.17.2	11.45833333	11.04166667	100	0.963636364207603	0.359705882352941	0.755852231163131	0.563232488416462	0.268039215686275	hybrid2	WR.17
WR	21b	2	8	6	2	1	yes	325.34	68.99	88.53	56.57	WR.21b.2	NA	NA	75	NA	0.212055080838507	0.638992431943974	0.819973909262212	0.272115325505625	hybrid2	WR.21b
WR	3	1	7	7	3	2	yes	269.89	60.72	58.91	44.08	WR.3.1	12.5	10.83333333	100	0.8666666664	0.224980547630516	0.748260057715159	0.725955204216074	0.218274111675127	hybrid2	WR.3
WR	4	1	7	7	1	2	yes	184.39	82.42	53.4	54.93	WR.4.1	14.16666667	9.791666667	100	0.691176470449135	0.446987363739899	1.02865168539326	0.666464450376122	0.289603557676664	hybrid2	WR.4
WR	6b	1	6	6	2	2	yes	197.7	102.74	57.4	62.67	WR.6b.1	NA	NA	100	NA	0.519676277187658	1.0918118466899	0.609986373369671	0.29033889731917	hybrid2	WR.6b
WR	R	1	8	8	2	1	yes	260.02	86.92	76.92	49.62	WR.R.1	15.41666667	12.5	100	0.8108108106355	0.334281978309361	0.645085803432137	0.570869765301427	0.295823398200138	hybrid2	WR.R
WR	X	1	8	8	2	2	yes	215.08	115.97	58.67	50.68	WR.X.1	14.16666667	12.70833333	100	0.897058823083045	0.539194718244374	0.863814555991137	0.43700957144089	0.272782220569091	hybrid2	WR.X
WR	Z	2	9	7	2	2	yes	257.99	82.65	60.37	53.6	WR.Z.2	15	12.91666667	77.7777777777778	0.861111111333333	0.320361254312183	0.887858207719066	0.648517846339988	0.234001317880538	hybrid2	WR.Z
SP	1	1	8	7	2	2	yes	252.53	82.99	37.71	26.67	SP.1.1	14.04255319	11.91489362	87.5	0.848484848786961	0.328634221676632	0.707239459029435	0.321364019761417	0.149328792618699	hybrid2	SP.1
SP	14	1	7	7	2	1	yes	278.18	118.49	46.28	39.64	SP.14.1	16.38297872	13.82978723	100	0.8441558440845	0.425947228413258	0.856525496974935	0.334542999409233	0.166367100438565	hybrid2	SP.14
SP	18	1	10	10	2	2	yes	303.33	83.35	47.59	33.44	SP.18.1	16.38297872	13.61702128	100	0.831168831549334	0.274783239376257	0.702668627862996	0.40119976004799	0.156891833976198	hybrid2	SP.18
SP	1B	1	7	4	3	2	yes	259.48	98.86	60.24	46.74	SP.1B.1	14.68085106	14.25531915	57.1428571428571	0.971014493079395	0.38099275474025	0.775896414342629	0.472789803762897	0.232156620934176	hybrid2	SP.1B
SP	20	2	7	7	1	1	yes	191.13	65.46	62.04	40.79	SP.20.2	12.12765957	10.85106383	100	0.894736842452447	0.342489405116936	0.657479045776918	0.623128628169875	0.324595824831267	hybrid2	SP.20
SP	3B	1	8	8	2	2	yes	227.54	73.38	41.35	30.78	SP.3B.1	14.46808511	11.70212766	100	0.808823529238971	0.322492748527731	0.744377267230955	0.419460343417825	0.181726289883097	hybrid2	SP.3B
SP	4	2	9	9	2	2	yes	284.05	83.05	61.35	46.67	SP.4.2	16.38297872	12.55319149	100	0.766233766431945	0.292378102446752	0.760717196414018	0.561950632149308	0.215983101566626	hybrid2	SP.4
SP	4B	1	6	6	2	2	yes	278.67	98.81	74.71	52.02	SP.4B.1	15.31914894	14.68085106	100	0.95833333284375	0.354577098360067	0.696292330343997	0.52646493269912	0.268094879247856	hybrid2	SP.4B
SP	6B	1	5	4	2	2	yes	213.44	90.68	61.39	49.35	SP.6B.1	11.91489362	13.61702128	80	1.14285714285714	0.424850074962519	0.80387685290764	0.54422143802382	0.287621814092954	hybrid2	SP.6B
SP	7B	1	6	6	3	3	yes	231.64	90.75	49.41	56.06	SP.7B.1	12.9787234	16.80851064	100	1.29508196776888	0.391771714729753	1.13458814005262	0.617741046831956	0.213305128647902	hybrid2	SP.7B
JV	1	1	8	3	1	2	no	149.93	69.54	45.35	28.72	JV.1.1	10.42553191	10.42553191	37.5	1	0.463816447675582	0.633296582138919	0.412999712395743	0.302474488094444	hybrid1	JV.1
JV	11	1	8	8	2	2	yes	267.9	118.34	57.84	44.72	JV.11.1	16.59574468	12.9787234	100	0.782051281834977	0.441731989548339	0.773167358229599	0.377894203143485	0.215901455767077	hybrid1	JV.11
JV	12	1	9	2	1	2	no	223.15	107.55	47.7	42.94	JV.12.1	14.25531915	11.4893617	22.2222222222222	0.805970149044331	0.481962805287923	0.90020964360587	0.399256159925616	0.213757562177907	hybrid1	JV.12
JV	13	1	9	7	2	3	yes	432.83	183.1	107.54	86.38	JV.13.1	15.95744681	14.46808511	77.7777777777778	0.906666666808711	0.423029826952845	0.803236005207365	0.471764063353359	0.248457824087979	hybrid1	JV.13
JV	15	1	11	3	1	2	no	224.34	103.55	49.62	54	JV.15.1	14.89361702	10.85106383	27.2727272727273	0.728571428648163	0.461576179013997	1.08827085852479	0.521487204249155	0.221182134260497	hybrid1	JV.15
JV	17	1	10	4	2	2	no	222.24	85.05	66.2	49.62	JV.17.1	15.95744681	11.91489362	40	0.746666666783644	0.382694384449244	0.749546827794562	0.58342151675485	0.297876169906407	hybrid1	JV.17
JV	20	1	7	2	2	2	no	180.48	70.86	42.37	28.78	JV.20.1	12.34042553	10.42553191	28.5714285714286	0.844827585941439	0.392619680851064	0.679254189284871	0.406152977702512	0.234762854609929	hybrid1	JV.20
JV	3	1	10	5	2	2	yes	266.81	96.08	44.08	38.69	JV.3.1	14.68085106	12.34042553	50	0.840579710233774	0.360106442787002	0.877722323049002	0.402685262281432	0.165211198980548	hybrid1	JV.3
JV	6	1	8	5	2	2	yes	233.53	108	76.74	56.06	JV.6.1	13.19148936	12.76595745	62.5	0.967741935850676	0.462467348948743	0.730518634349753	0.519074074074074	0.328608744058579	hybrid1	JV.6
JV	9	1	10	7	2	2	yes	219.29	67.32	51.03	38.76	JV.9.1	14.25531915	12.76595745	70	0.895522388216752	0.306990742851931	0.759553203997648	0.575757575757576	0.23270554972867	hybrid1	JV.9
LH	1	1	8	8	1	1	yes	226.75	78.47	60.01	37.55	LH.1.1	16.875	11.45833333	100	0.679012345481481	0.34606394707828	0.62572904515914	0.478526825538422	0.264652701212789	hybrid1	LH.1
LH	10	1	7	3	2	2	no	188.08	99.39	77.52	28	LH.10.1	13.54166667	12.29166667	42.8571428571429	0.90769230771503	0.528445342407486	0.361197110423117	0.281718482744743	0.412165036154828	hybrid1	LH.10
LH	13	1	7	7	2	1	yes	164.91	62.67	57.47	34.69	LH.13.1	13.95833333	12.29166667	100	0.880597015374471	0.380025468437329	0.603619279624152	0.553534386468805	0.348493117458007	hybrid1	LH.13
LH	14	1	8	2	1	1	no	199.54	59.9	47.29	32.25	LH.14.1	11.45833333	11.04166667	25	0.963636364207603	0.300190438007417	0.681962359906957	0.538397328881469	0.236995088704019	hybrid1	LH.14
LH	18	1	8	4	1	3	yes	242.86	74.71	45.27	42.85	LH.18.1	13.125	9.166666667	50	0.698412698438095	0.307625792637734	0.946542964435609	0.573551064114576	0.18640368936836	hybrid1	LH.18
LH	19	1	8	4	1	1	yes	165.42	54.93	36	33.36	LH.19.1	10.625	6.041666667	50	0.568627451011765	0.332063837504534	0.926666666666667	0.607318405243037	0.217627856365615	hybrid1	LH.19
LH	3	1	9	4	1	1	no	250.56	76.29	60	48.02	LH.3.1	16.66666667	11.66666667	44.4444444444444	0.70000000006	0.304477969348659	0.800333333333333	0.629440293616463	0.239463601532567	hybrid1	LH.3
LH	4	2	8	2	1	1	yes	216.79	63.25	55.46	36.1	LH.4.2	14.375	10.83333333	25	0.753623188173913	0.291756999861617	0.65091958168049	0.570750988142293	0.255823608100005	hybrid1	LH.4
LH	5	1	6	1	1	1	no	200.11	85.34	45.35	38.69	LH.5.1	14.16666667	9.791666667	16.6666666666667	0.691176470449135	0.426465444005797	0.853142227122381	0.453363018514179	0.22662535605417	hybrid1	LH.5
MC	10	1	7	3	1	2	no	192.13	71.91	48.18	25.65	MC.10.1	15.41666667	11.25	42.8571428571429	0.72972972957195	0.374277832717431	0.532378580323786	0.356695869837297	0.250767709363452	hybrid1	MC.10
MC	11	2	11	4	1	1	no	248.13	81.73	57.33	34.77	MC.11.2	16.04166667	8.958333333	36.3636363636364	0.558441558304739	0.329383790754846	0.606488749345892	0.425425180472287	0.231048240841494	hybrid1	MC.11
MC	12	1	9	4	1	1	no	207.46	82.25	61.42	38.18	MC.12.1	13.75	8.541666667	44.4444444444444	0.621212121236364	0.396461968572255	0.621621621621622	0.46419452887538	0.296057071242649	hybrid1	MC.12
MC	13	1	8	4	2	2	no	215.88	96.89	75.47	34.41	MC.13.1	15.41666667	13.75	50	0.89189189169905	0.4488141560126	0.455942758712071	0.355145009804933	0.349592366129331	hybrid1	MC.13
MC	14	2	11	5	2	1	no	282.82	109.73	69.45	42.75	MC.14.2	16.875	12.91666667	45.4545454545455	0.765432098962963	0.387985290997808	0.615550755939525	0.389592636471339	0.245562548617495	hybrid1	MC.14
MC	20	1	8	2	1	3	no	247.66	57.77	79.29	16.11	MC.20.1	14.79166667	12.70833333	25	0.8591549291585	0.233263344908342	0.203178206583428	0.278864462523801	0.32015666639748	hybrid1	MC.20
MC	3	1	7	1	3	2	no	251.47	98.24	80.55	24.15	MC.3.1	15.83333333	14.79166667	14.2857142857143	0.934210526722992	0.390662902135444	0.299813780260708	0.24582654723127	0.320316538752137	hybrid1	MC.3
MC	6	1	8	2	1	1	no	190.18	42.69	29.81	20.04	MC.6.1	11.66666667	11.875	25	1.01785714256633	0.224471553265328	0.672257631667226	0.469430780042164	0.156746240403828	hybrid1	MC.6
MC	7	2	8	4	3	2	yes	243.09	104.03	62.79	74.67	MC.7.2	15.41666667	13.33333333	50	0.864864864461651	0.427948496441647	1.18920210224558	0.717773719119485	0.258299395285697	hybrid1	MC.7
MC	8	1	10	5	2	2	yes	249.39	78.71	52.15	39.6	MC.8.1	13.33333333	14.58333333	50	1.09375000002344	0.315610088616224	0.75934803451582	0.503112692161098	0.209110228958659	hybrid1	MC.8
